53 31 22 4
36 32 12 3
50 6 5 2
82 45 14 3
80 14 8 71
39 27 14 8
20 5 1 1
2 1 1 1
90 2 2 75
40 72 62 14
70 47 16 5
12 4 1 1
48 4 3 94
69 49 36 3
92 71 66 45
66 60 5 3
92 84 33 10
55 52 24 4
48 22 58 21
25 2 1 1
95 39 38 25
37 33 13 4
97 64 19 13
12 61 19 13
75 72 51 28
35 89 13 11
96 7 2 2
66 32 21 89
58 7 1 1
31 23 10 4
23 33 25 10
73 40 12 12
52 19 42 31
23 7 2 2
3 3 2 2
56 41 2 2
75 54 39 25
54 26 88 70
6 4 1 1
50 32 25 3
61 28 20 60
74 53 33 5
53 35 32 88
93 34 25 1
14 8 3 3
52 92 44 15
65 15 12 3
78 56 34 15
29 31 23 12
26 81 19 41
45 13 1 1
11 1 87 42
37 17 9 3
39 36 36 35
27 3 1 1
23 21 1 1
33 32 88 33
36 17 59 38
49 40 38 19
82 72 38 29
9 1 1 1
87 5 2 1
78 25 6 1
60 50 16 6
12 10 10 90
94 92 66 5
75 23 10 7
8 13 5 3
96 68 11 7
69 10 10 8
87 12 4 4
70 30 71 16
28 5 4 1
70 21 83 59
71 65 18 6
15 9 3 2
54 67 81 77
17 7 6 6
28 21 52 9
46 1 1 1
60 4 2 69
64 72 69 48
34 3 1 1
63 32 15 13
4 3 3 1
14 9 41 24
8 61 32 13
84 9 7 7
85 34 23 13
75 17 7 48
45 17 10 8
8 1 1 1
60 13 8 64
89 61 48 44
66 29 9 3
12 11 25 8
61 42 10 1
66 38 16 8
77 72 45 41
49 17 8 8
27 9 1 1
57 50 45 22
85 42 37 50
35 30 3 1
35 8 93 20
7 1 1 1
6 2 2 1
56 35 31 18
18 14 3 7
70 57 17 100
47 39 17 15
21 30 28 58
85 57 29 21
89 12 65 27
21 76 26 7
35 50 40 31
23 1 65 53
48 20 9 2
6 4 3 3
8 39 2 1
70 38 10 10
44 38 10 17
22 7 54 53
28 1 1 1
14 1 1 1
55 52 43 4
75 39 39 15
94 50 95 31
3 3 2 1
38 31 31 25
6 6 6 1
87 77 69 19
33 5 3 91
12 6 3 3
83 48 48 47
25 15 1 1
6 2 1 50
7 1 1 1
34 17 7 5
62 37 31 22
97 40 20 2
53 18 7 6
77 41 2 19
97 56 41 80
26 24 24 13
100 74 43 69
36 21 10 7
31 26 14 53
55 7 53 8
48 28 23 53
55 3 3 3
14 1 60 68
86 51 48 16
38 33 18 48
66 51 21 6
75 28 9 1
56 30 27 17
83 6 2 2
49 10 6 1
98 53 34 30
50 34 29 25
67 3 2 1
34 98 51 27
46 30 12 8
17 9 2 2
23 11 6 3
94 45 14 11
96 26 9 6
41 27 47 6
38 1 1 1
65 20 84 30
53 4 3 1
36 17 15 8
96 92 89 17
62 33 22 15
48 34 33 83
22 20 13 7
66 81 17 19
99 63 43 39
61 3 2 40
27 23 23 16
61 11 11 67
73 33 44 9
100 35 30 11
31 7 6 4
18 4 97 39
53 44 26 20
3 26 14 2
9 4 3 3
12 10 7 5
84 8 51 44
95 45 36 17
21 10 3 1
12 6 1 1
93 4 82 64
39 3 62 42
84 16 9 4
82 41 40 20
24 7 1 1
23 11 8 22
24 12 6 34
9 3 2 1
41 8 5 3
67 45 8 24
70 9 3 1
58 52 30 11
19 15 4 3
75 41 2 36
73 39 31 99
6 39 8 1
28 6 4 3
63 13 5 3
63 48 35 13
89 86 57 57
26 9 4 4
68 5 2 2
26 34 17 7
83 11 8 4
49 89 23 16
47 15 11 60
61 35 4 3
41 11 7 6
76 43 10 5
6 4 10 1
78 34 11 6
2 2 79 25
18 1 1 4
13 12 3 1
49 33 30 24
85 51 46 21
94 30 12 8
51 40 13 5
39 33 18 8
28 22 18 12
50 43 39 9
50 24 20 2
92 5 5 5
2 2 1 1
66 31 7 6
70 2 2 86
6 6 1 64
49 10 8 8
88 58 53 37
96 22 11 10
72 57 8 39
71 29 6 4
86 41 39 100
59 59 28 19
67 33 33 8
86 53 6 75
0 0 0 0
